
# 3 big spheres
SPHERE (0.0,0.5,0.0) 0.5
METAL (0.45,0.78,0.66) 0.0

SPHERE (0.6,0.5,0.8) 0.5
METAL (0.87,0.88,0.71) 0.2 

SPHERE (-0.6,0.5,-0.8) 0.5
DIFFUSE (0.88,0.72,0.4) 

# 2 small spheres
SPHERE (-0.5,0.3,0.8) 0.3
METAL (0.4,0.7,0.32) 0.5

SPHERE (0.5,0.3,-1) 0.3
DIFFUSE (0.4,0.6,0.72) 

# 2 boxes
BOX (-1.2,0.0,0.5) (0.65,0,-0.3) (-0.1,0,-0.2) (0,0.6,0)
DIFFUSE (0.8,0.5,0.5)

BOX (1.0,0.0,-0.3) (0.3,0,-0.3) (-0.3,0,-0.3) (0,1.5,0)
DIFFUSE (0.5,0.8,0.5)

# floor spheres
SPHERE (0.0,-500.0,0.0) 500
DIFFUSE (0.74,0.33,0.2) 

# sky light
LIGHT (0.0,0.0,0.0) 100 (1,1,1) 

AMBIENT (0.0,0.0,0.0)

CAMERA (0.0,1.5,3.5) (0,0,0) (0,1,0) 1
