
# 3 big spheres
MESH meshes/suzanne.obj
(0.0,0.4,0.0) (0.0,-50.0,0.0) 0.4
DIFFUSE (0.8,0.95,0.9) 1.3 (1,1,1)

SPHERE (0.6,0.5,0.8) 0.5
METAL (0.87,0.88,0.71) 0.5 

SPHERE (-0.6,0.5,-0.9) 0.5
METAL (0.88,0.72,0.4) 2

# box
BOX (1.0,0.0,-0.5) (0.3,0,-0.3) (-0.3,0,-0.3) (0,1.0,0)
DIFFUSE (0.5,0.8,0.5)

# box
BOX (0.5,0.0,-0.9) (0.3,0,-0.3) (-0.3,0,-0.3) (0,1.0,0)
DIFFUSE (0.8,0.5,0.5)

# floor spheres
SPHERE (0.0,-500.0,0.0) 500
DIFFUSE (0.74,0.33,0.2) 

# sky light
LIGHT (0.0,0.0,0.0) 100 (1,1,1) 

AMBIENT (0.0,0.0,0.0)

CAMERA (-1.2,0.5,1.5) (0,0.5,0) (0,1,0) 1